[
    1.0236157175912033, 
    0.36552928931500245, 
    1.0279825928492126, 
    1.141397446528394, 
    1.0554501833892282, 
    0.6364802811397546, 
    1.141397446528394, 
    0.8655292893150024, 
    5.988466721288232, 
    0.6266053269645606, 
    0.3073403365809017, 
    1.7379853144734012, 
    0.0, 
    0.6533105635785255, 
    0.5929606914880862, 
    0.6072007360874406, 
    1.0965878679450074, 
    0.0, 
    0.6856914529089339, 
    1.3714970577381078, 
    0.9996472524016227, 
    12.337260579917753, 
    1.0965878679450074, 
    1.0365243412476715, 
    0.0, 
    0.6341179630866203, 
    0.0, 
    0.641397446528394, 
    2.0965878679450074, 
    0.5632016497315161, 
    0.3612998481497104, 
    0.6231087957238566, 
    0.0, 
    5.520822182465028, 
    0.9848251421876766, 
    9.310164496054536, 
    0.6317319413401252, 
    0.0, 
    0.9933667494015614, 
    0.7195496540229391, 
    0.32439160475922346, 
    1.4452057075072948, 
    0.36552928931500245, 
    4.006723805392964, 
    0.28733349251812446, 
    0.0, 
    0.6776355399964542, 
    0.3042080255359351, 
    0.8655292893150024, 
    4.577305295688628, 
    8.522021544309679, 
    0.0, 
    0.6317244620828194, 
    0.2753968473685553, 
    0.6212093394301521, 
    1.166927047119672, 
    0.32439160475922346, 
    0.6280703116443594, 
    0.9104422882419811, 
    0.28733349251812446, 
    1.473918094193459, 
    0.668975144642338, 
    0.0, 
    0.6380773444633172, 
    0.343730338391789, 
    6.117410050410034, 
    0.8655292893150024, 
    0.6738296693694825, 
    8.849892063227365, 
    5.251880761095033, 
    0.0, 
    2.0489088718907844, 
    8.931161050363416, 
    0.6604335374284531, 
    1.5965878679450072, 
    0.9123484383531464, 
    0.0, 
    0.0, 
    0.8655292893150024, 
    0.6450017998858848, 
    2.362783040712824, 
    0.0, 
    0.36552928931500245, 
    1.4584899808030887, 
    1.0965878679450074, 
    1.4621171572600098, 
    1.2310585786300048, 
    8.574023906013974, 
    1.0263717490242412, 
    0.0, 
    0.0, 
    0.9908355111386531, 
    0.35585630486942776, 
    0.28733349251812446, 
    8.868259733171648, 
    2.103514603788404, 
    1.2310585786300048, 
    0.7310585786300049, 
    0.0, 
    0.0, 
    0.665997567642393, 
    4.577305295688628, 
    0.328918958819302, 
    0.36552928931500245, 
    0.8612998481497104, 
    0.6002597619726151, 
    0.0, 
    1.4839313207714047, 
    6.809741339542419, 
    0.6782745353744428, 
    14.390112993970094, 
    2.1484365450215814, 
    2.4690438931034064, 
    1.4542605396377966, 
    0.6595424910118695, 
    0.3612998481497104, 
    0.27586815721339164, 
    1.4621171572600098, 
    0.0, 
    0.0, 
    6.431161050363417, 
    0.0, 
    3.0370024073081137, 
    0.5915415180540595, 
    1.5965878679450072, 
    4.39893206951628, 
    8.655292893150024, 
    0.6899208940742259, 
    0.637168005363102, 
    0.0, 
    8.079527207670045, 
    0.0, 
    0.0, 
    0.8655292893150024, 
    6.001630214055195, 
    6.006498466608646, 
    0.28733349251812446, 
    7.945056496985047, 
    1.7310585786300048, 
    0.6694446899461682, 
    0.36552928931500245, 
    9.357674300732329, 
    0.6241386987196705, 
    0.6116203443470645, 
    0.7141061107426565, 
    0.0, 
    6.751880761095033, 
    4.2228026359569535, 
    0.328918958819302
]