[
    0.002661487537973845, 
    0.000950407102545917, 
    0.00267284178339949, 
    0.002967730006099503, 
    0.0027442598445567095, 
    0.0016549026234238277, 
    0.002967730006099503, 
    0.0022504494388617953, 
    0.015570520534586886, 
    0.0016292269064299648, 
    0.0007991108984254879, 
    0.004518908977421375, 
    0.0, 
    0.0016986627828289391, 
    0.0015417480054113009, 
    0.001578773327111675, 
    0.0028512213076377513, 
    0.0, 
    0.0017828558368631192, 
    0.003566008478384406, 
    0.0025991674990079087, 
    0.032077922136108133, 
    0.0028512213076377513, 
    0.0026950510524877997, 
    0.0, 
    0.0016487603964619917, 
    0.0, 
    0.0016676876697836243, 
    0.005451305980269507, 
    0.0014643719770678345, 
    0.0009394101973982434, 
    0.0016201356291436321, 
    0.0, 
    0.014354605136952723, 
    0.002560628757424569, 
    0.024207216005871758, 
    0.0016425565378903639, 
    0.0, 
    0.002582837659421032, 
    0.0018708900266225278, 
    0.0008434456394648759, 
    0.003757657208889651, 
    0.000950407102545917, 
    0.010417821153871033, 
    0.000747091409830127, 
    0.0, 
    0.0017619097811753246, 
    0.0007909666244875551, 
    0.0022504494388617953, 
    0.011901381341276175, 
    0.022157977597197214, 
    0.0, 
    0.0016425370911880804, 
    0.0007160551217340881, 
    0.0016151968819480371, 
    0.0030341091292952955, 
    0.0008434456394648759, 
    0.00163303599064155, 
    0.0023672270389737595, 
    0.000747091409830127, 
    0.000747091409830127, 
    0.0017393920199561558, 
    0.0, 
    0.0016590551232926452, 
    0.0008937279843710178, 
    0.015905784108274597, 
    0.0022504494388617953, 
    0.0017520141952921161, 
    0.02301046870804291, 
    0.013655334669412801, 
    0.0, 
    0.0038696630566624475, 
    0.023221774955855663, 
    0.001717183117959693, 
    0.004151263643953629, 
    0.0023721831906615355, 
    0.0, 
    0.0, 
    0.0022504494388617953, 
    0.0016770592937031849, 
    0.006143435968911671, 
    0.0, 
    0.000950407102545917, 
    0.003792197444273097, 
    0.0028512213076377513, 
    0.003801628410183668, 
    0.0032008565414077123, 
    0.022293188140805203, 
    0.0026686534530601783, 
    0.0, 
    0.0, 
    0.0025762562256108645, 
    0.0009252565239503728, 
    0.000747091409830127, 
    0.023058226205137, 
    0.0054693160799672924, 
    0.0032008565414077123, 
    0.001900814205091834, 
    0.0, 
    0.015617404599215292, 
    0.001731650067637018, 
    0.011901381341276175, 
    0.0008552171433640633, 
    0.000950407102545917, 
    0.002239452533714122, 
    0.0015607262067025833, 
    0.0, 
    0.003858347082375929, 
    0.017705904081531092, 
    0.0017635712232635153, 
    0.037415512233060735, 
    0.0055861169308325425, 
    0.00641972318251321, 
    0.003781200539125423, 
    0.0017148663218293303, 
    0.0009394101973982434, 
    0.0007172805672377076, 
    0.003801628410183668, 
    0.0, 
    0.0, 
    0.016721563274276267, 
    0.0, 
    0.007896463409987575, 
    0.001538058034317682, 
    0.004151263643953629, 
    0.011437595849897573, 
    0.022504494388617957, 
    0.0017938527420107927, 
    0.0016566907646359509, 
    0.0, 
    0.021007454854774142, 
    0.0, 
    0.0, 
    0.0022504494388617953, 
    0.015604746730368565, 
    0.0, 
    0.0038323118454270237, 
    0.020657819621004183, 
    0.0045008988777235906, 
    0.001740612877503751, 
    0.000950407102545917, 
    0.024330745520814222, 
    0.0016228134641373456, 
    0.0015902646828065596, 
    0.0018567363531746574, 
    0.0, 
    0.017555461678360435, 
    0.01097964440930066, 
    0.0008552171433640633
]