[
    0.5913743095146679, 
    0.36552928931500245, 
    0.5939977851653488, 
    0.9084295189096652, 
    0.610289468967412, 
    0.45032342332357833, 
    0.9084295189096652, 
    0.8655292893150024, 
    1.4527042984744951, 
    0.4462284195447136, 
    0.3073403365809017, 
    0.7813769164448331, 
    0.0, 
    0.46197142196140006, 
    0.3980207150459842, 
    0.4311432685171374, 
    0.6331153007481278, 
    0.0, 
    0.48555894957385765, 
    0.6858664634365819, 
    0.5814274029658814, 
    5.325183538609141, 
    0.6331153007481278, 
    0.5990041445827287, 
    0.0, 
    0.4521572332414009, 
    0.0, 
    0.45794639589306013, 
    1.1904617832579871, 
    0.3983262181767297, 
    0.3612998481497104, 
    0.4203028883560714, 
    0.41142184972759777, 
    1.821075545594813, 
    0.5686102293693135, 
    3.7956083858007923, 
    0.44686462796682197, 
    0.0, 
    0.5736001786012879, 
    0.5088030106841054, 
    0.32439160475922346, 
    0.6497034914943631, 
    0.36552928931500245, 
    1.7719276570167253, 
    0.5018251432082107, 
    0.0, 
    0.47934713132708945, 
    0.41034856688066, 
    0.7310585786300049, 
    1.4073479256155956, 
    8.522021544309679, 
    0.0, 
    0.45026320067226866, 
    0.0, 
    0.4419997424198144, 
    0.9042662119673429, 
    0.32439160475922346, 
    0.4473808196046494, 
    0.5091316665491544, 
    0.39799994907437164, 
    0.28733349251812446, 
    0.47306157279276567, 
    0.4521572332414009, 
    0.43172103599617045, 
    0.343730338391789, 
    3.861602912452029, 
    0.8655292893150024, 
    0.4767985677797573, 
    5.1612619260957455, 
    1.5337799342890435, 
    0.0, 
    0.9717039308470472, 
    8.659688118308743, 
    0.4669985864059538, 
    0.8953602448639232, 
    0.5281045594938367, 
    0.0, 
    0.0, 
    0.976517851467474, 
    0.4370755923520502, 
    1.3042311341184514, 
    0.0, 
    0.5814274029658814, 
    0.9526601913945233, 
    0.6331153007481278, 
    0.7310585786300049, 
    0.9395491535887114, 
    5.15388411099835, 
    0.5930627135281766, 
    0.0, 
    0.0, 
    0.5760398098308891, 
    0.35585630486942776, 
    0.28733349251812446, 
    8.529052238385267, 
    0.8626479855073947, 
    0.817348338675533, 
    0.5169364783938754, 
    0.0, 
    1.4913518342586534, 
    0.47150490979258664, 
    3.56137060708722, 
    0.6756026441964166, 
    0.36552928931500245, 
    0.8612998481497104, 
    0.4258323066684547, 
    0.0, 
    0.970210216427101, 
    3.8043666234036406, 
    0.4800656640701149, 
    2.8996395942473887, 
    0.8772304910867378, 
    0.9368955161847543, 
    0.9488192230495917, 
    0.46744458503172037, 
    0.3612998481497104, 
    0.27586815721339164, 
    0.7310585786300049, 
    0.0, 
    0.0, 
    2.1189304613909896, 
    0.2753968473685553, 
    1.01871518189423, 
    0.500945588126769, 
    0.8953602448639232, 
    1.3359554610472313, 
    8.655292893150024, 
    0.4887142054262338, 
    0.45457762861508744, 
    0.0, 
    2.0619402930718826, 
    0.0, 
    0.0, 
    0.976517851467474, 
    1.5773193952487399, 
    0.0, 
    0.28733349251812446, 
    2.6321871579975045, 
    1.1329552489179155, 
    0.4733970817882601, 
    0.36552928931500245, 
    2.356190257646883, 
    0.44429225769237674, 
    0.5145186468964806, 
    0.5049521097327242, 
    0.0, 
    2.049162940025197, 
    1.2190744468255441, 
    0.328918958819302
]