[
    1.1102230246251565e-16, 
    0.027962168354687345, 
    0.20882530853966008, 
    1.0, 
    0.1713146882640758, 
    0.21797549772442293, 
    1.0, 
    0.797151578686337, 
    0.07426475127123389, 
    0.19077296961002987, 
    0.0, 
    1.0, 
    0.0, 
    0.20216688225187784, 
    0.37091550457576106, 
    0.0, 
    0.07417990022744869, 
    0.0, 
    0.23747990019375753, 
    0.39871020557857795, 
    0.3000404201740917, 
    0.650761705861737, 
    0.04101777157459585, 
    0.24696507094147224, 
    0.33202332720475836, 
    0.0, 
    0.0, 
    1.0, 
    0.21535106874135035, 
    0.0, 
    0.0, 
    1.1102230246251565e-16, 
    0.0, 
    0.23618959139340034, 
    0.3262120335194493, 
    0.3217735064727377, 
    0.18913533331723065, 
    0.18859724543575407, 
    0.2647421291194103, 
    0.07997181778679097, 
    0.0, 
    0.0209168691297138, 
    0.2970197967270769, 
    0.8605292135607059, 
    0.13626631490508545, 
    0.16868686796528476, 
    0.0, 
    0.12550516974126003, 
    0.033908216920704115, 
    0.07016596131279562, 
    0.49143140814720954, 
    0.0, 
    0.0, 
    0.13519966821609486, 
    0.0, 
    0.6792072810693875, 
    0.10715121162096553, 
    0.0, 
    0.13300622634344605, 
    0.11419388465020297, 
    0.11209293821757127, 
    0.1991092087050721, 
    0.0, 
    0.0, 
    0.210135653319391, 
    0.23482895252865477, 
    0.797151578686337, 
    0.3890343248083926, 
    0.9372290467119782, 
    0.21463322862703815, 
    0.0, 
    0.6528863022530556, 
    1.0, 
    0.38467105002523583, 
    0.10291477285493955, 
    0.23631285062634677, 
    0.08117728721387107, 
    0.0, 
    0.6175572857811273, 
    0.4110084630045542, 
    0.8575652659286528, 
    0.0, 
    0.3000404201740917, 
    0.6942559821618974, 
    0.24407105398154572, 
    0.033908216920704115, 
    0.42160501660605165, 
    0.7165451859044538, 
    0.3489644498904567, 
    0.0, 
    0.0, 
    0.45762927068613324, 
    0.0, 
    0.02620497389489984, 
    0.9784059032997793, 
    1.0, 
    0.06458565330651478, 
    0.11359473957208177, 
    0.0, 
    0.0, 
    0.16414220887968012, 
    0.25674464964369925, 
    0.3819977676432913, 
    0.026480956605452022, 
    0.7962479584475908, 
    0.2382174868385717, 
    0.0, 
    0.46862428905526465, 
    0.9340781270628474, 
    0.15042760158439805, 
    0.24991453591798873, 
    0.01459363590720697, 
    1.0, 
    0.6931112481166574, 
    0.23911636162037986, 
    0.288790583719282, 
    0.0029023093496352015, 
    0.1105008200066786, 
    0.21290422576941315, 
    0.0, 
    1.0, 
    0.0, 
    0.6271046033302166, 
    0.20496622441125378, 
    0.09251478702696991, 
    0.2652097086212566, 
    0.9787205392078779, 
    0.045917734556086165, 
    1.0, 
    0.0, 
    0.12114360363514332, 
    0.0, 
    0.0, 
    0.6175572857811273, 
    0.08589367078243981, 
    0.07643362267093279, 
    0.04331468274879835, 
    0.10593479569577102, 
    0.175751470883441, 
    0.199334478132832, 
    0.18508251228338668, 
    0.3336483204992623, 
    0.0, 
    0.0, 
    0.6797445863273276, 
    1.1102230246251565e-16, 
    0.5688628835472594, 
    0.07741584142074753, 
    0.0
]