[
    0.0, 
    0.05399003669363739, 
    0.3868372893056643, 
    1.0, 
    0.29768252725751143, 
    0.36076122972597385, 
    1.0, 
    0.8095803392237617, 
    0.5512465715903603, 
    0.30338941825621035, 
    0.0, 
    1.0, 
    0.0, 
    0.34911648050092253, 
    0.5073313615851921, 
    0.0, 
    0.14285714285714288, 
    0.0, 
    0.37574357777335027, 
    0.5913320253845722, 
    0.5050288019439693, 
    0.5022724089504481, 
    0.07803078003029938, 
    0.41137632714053757, 
    0.5269819281632503, 
    0.0, 
    0.0, 
    1.0, 
    0.2514918102677038, 
    0.0, 
    0.0, 
    0.0, 
    0.0, 
    0.4510507026006352, 
    0.5238653507099726, 
    0.5049056846005077, 
    0.3386296862139216, 
    0.33747142018454773, 
    0.39899913251822866, 
    0.14816635316368423, 
    0.0, 
    0.22845343013729894, 
    0.0, 
    0.936213891800035, 
    0.25225223159808596, 
    0.3193857789831314, 
    0.0, 
    0.0, 
    0.06666666666666667, 
    0.45150684601704266, 
    0.5155760269237476, 
    0.0, 
    0.0, 
    0.0, 
    0.0, 
    0.675481889950424, 
    0.20140682706337842, 
    0.0, 
    0.24965406554353312, 
    0.3503403533138539, 
    0.2311739215756934, 
    0.308959088592407, 
    0.0, 
    0.5267617672269016, 
    0.35588867550772774, 
    0.22045966928230695, 
    0.8095803392237617, 
    0.0, 
    0.9621657685685144, 
    0.4254731917154062, 
    0.33462394792209993, 
    0.7058623269101361, 
    1.0, 
    0.5288445922524379, 
    0.1875, 
    0.37970597513241516, 
    0.1492395435723493, 
    0.0, 
    0.7072594169308589, 
    0.5295844742464485, 
    0.886119003480484, 
    0.0, 
    0.5050288019439693, 
    0.6740821539623405, 
    0.4, 
    0.06666666666666667, 
    0.4672546015017681, 
    0.6096507349959298, 
    0.5390559304031345, 
    0.0, 
    0.0, 
    0.6473298941327909, 
    0.0, 
    0.12731659012471638, 
    0.9623630242465473, 
    1.0, 
    0.125, 
    0.2142857142857143, 
    0.0, 
    0.5192772490663623, 
    0.29463401406522666, 
    0.6792275966822955, 
    0.14033107921376187, 
    0.05122442794905721, 
    0.8090228009053023, 
    0.0, 
    0.0, 
    0.4979282811225199, 
    0.6093195370054613, 
    0.3044289011566241, 
    0.6588353835890178, 
    0.30564141954628754, 
    1.0, 
    0.6735422192714307, 
    0.37652142949109574, 
    0.6653760520779002, 
    0.07093793201015153, 
    0.2, 
    0.3576200777796949, 
    0.0, 
    1.0, 
    0.21711415890494482, 
    0.78661501504871, 
    0.17017320714672782, 
    0.17647058823529413, 
    0.45070123997131495, 
    0.9701392957949605, 
    0.09247983032156327, 
    1.0, 
    0.0, 
    0.48068030263994305, 
    0.0, 
    0.0, 
    0.7072594169308589, 
    0.5190748406706294, 
    0.0, 
    0.16560085044197254, 
    0.4370247759516842, 
    0.19391425721137334, 
    0.3091089114531987, 
    0.0, 
    0.4193566145101045, 
    0.0, 
    0.0, 
    0.7873544657181616, 
    0.0, 
    0.6606893448839444, 
    0.5427186216935742, 
    0.0
]