[
    0.0, 
    0.028180114855621774, 
    0.20912713536483285, 
    1.0004257130693912, 
    0.17192979345287096, 
    0.21818543698447213, 
    1.0004257130693912, 
    0.797752857996985, 
    0.07406967015260069, 
    0.19125851249577497, 
    0.0, 
    1.00085197035497, 
    0.0, 
    0.20235918624208904, 
    0.3713887866493759, 
    0.0, 
    0.0745759730155231, 
    0.0, 
    0.23770958386468843, 
    0.3991548992339854, 
    0.3001955133058425, 
    0.6574493697605637, 
    0.04167981818299349, 
    0.2475332890731602, 
    0.33219879997419355, 
    0.0, 
    0.0, 
    1.0004257130693912, 
    0.21662568070667598, 
    0.0, 
    1.1102230246251565e-16, 
    0.0, 
    0.0, 
    0.23749672038543923, 
    0.3265536440064758, 
    0.3221210217130851, 
    0.18931405838257132, 
    0.18877655207943445, 
    0.2654640799937298, 
    0.08018524259863558, 
    0.0, 
    0.02093714008858283, 
    0.29717296075076116, 
    0.8646010117697954, 
    0.13645370162443127, 
    0.1690033661876359, 
    0.0, 
    0.12573401637559167, 
    0.03411502239952602, 
    0.0699991732302574, 
    0.49198689375214977, 
    0.0, 
    0.0, 
    0.13538600832525305, 
    1.1102230246251565e-16, 
    0.6799495576450122, 
    0.1073448883574315, 
    0.0, 
    0.13318833123456386, 
    0.11440106627937108, 
    0.1122432351135767, 
    0.1996158444801519, 
    0.30019551330584016, 
    0.0, 
    0.2103353893429556, 
    0.23702923338604653, 
    0.797752857996985, 
    0.38946474821145805, 
    0.9378871686206247, 
    0.21525532198650466, 
    0.0, 
    0.6537249579998166, 
    1.0004257130693912, 
    0.38515882738916174, 
    0.10355000855312801, 
    0.23695661148187575, 
    0.08139405198032623, 
    0.0, 
    0.7328810571522201, 
    0.4115301295851648, 
    0.8587568648696302, 
    0.0, 
    0.5104910030946522, 
    0.6951336144734979, 
    0.24503998701734653, 
    0.03411502239952602, 
    0.42266232344437893, 
    0.7206730598580995, 
    0.34933479698016157, 
    2.220446049250313e-16, 
    0.0, 
    0.45801629350840234, 
    0.0, 
    0.026229755296980906, 
    0.9790358036902281, 
    1.000952734891084, 
    0.06498617327639722, 
    0.11416337339116, 
    0.0, 
    0.0, 
    0.16452129674505933, 
    0.25753005223922276, 
    0.38276633417648154, 
    0.0266987979447717, 
    0.7968490038192666, 
    0.23833324031564918, 
    0.0, 
    0.4697656389568098, 
    0.9360001494073793, 
    0.150705314116919, 
    0.251683604376429, 
    0.014595351325374817, 
    1.0010438913841924, 
    0.6939885294405388, 
    0.23934854144801365, 
    0.2889384916308343, 
    0.002902496693787504, 
    0.11113529511054931, 
    0.2131075534167619, 
    0.0, 
    1.0012492904318349, 
    0.0, 
    0.6302025768922432, 
    0.20536004945778175, 
    0.09309769162384529, 
    0.26707420827679706, 
    0.9793268455120527, 
    0.04629937163992259, 
    1.0004257130693912, 
    1.1102230246251565e-16, 
    0.12164472582929975, 
    0.0, 
    0.0, 
    0.732881057152218, 
    0.08560468973259472, 
    0.07612200039376127, 
    0.04335412076346823, 
    0.10629907427411589, 
    0.1768273943671791, 
    0.19984167420076582, 
    0.1852580772165715, 
    0.33966813519730243, 
    0.0, 
    0.0, 
    0.6804416148627341, 
    1.1102230246251565e-16, 
    0.5725966312335256, 
    0.0772985975558711, 
    0.0
]